%YAML:1.0
---
camera_matrix: !!opencv-matrix
   rows: 3
   cols: 3
   dt: d
   data: [ 1527.5852671425866, 0., 1076.0012251489261, 0.,
       1572.3419726509223, 332.70123577499169, 0., 0., 1. ]
dist_coeff: !!opencv-matrix
   rows: 1
   cols: 5
   dt: d
   data: [ 0.36072354523640771, -0.24734914519619958,
       -0.090801970946903537, 0.0044404352191535074,
       -0.24595849313142473 ]
