%YAML:1.0
---
camera_matrix: !!opencv-matrix
   rows: 3
   cols: 3
   dt: d
   data: [ 1454.8819342773909, 0., 982.83462745764677, 0.,
       1453.5460337966999, 524.74157313122589, 0., 0., 1. ]
dist_coeff: !!opencv-matrix
   rows: 1
   cols: 5
   dt: d
   data: [ 0.12361807958262526, -2.1613449970437917,
       -0.0068517142516735128, -0.0031083523155895731,
       14.830539910172385 ]
